001 80 93 89 40 70
002 79 38 59 77 98
003 69 70 39 79 78
004 90 49 62 58 100
005 98 59 95 28 70
006 39 59 62 28 30
007 100 39 95 28 60
008 96 48 83 92 79
009 42 67 25 67 86
010 45 67 93 74 87
011 27 87 45 72 86
012 54 34 67 27 58
013 26 100 26 73 85
014 25 73 27 58 58
015 74 86 25 100 53
016 63 86 25 58 84 
017 26 48 96 36 47
018 78 86 98 46 89
019 78 47 72 75 89
020 69 70 96 97 72
021 97 96 92 98 100
022 84 52 63 73 25
023 49 69 85 20 69
024 78 50 69 29 60
025 58 30 96 83 96
026 47 35 80 85 80
027 78 34 100 58 25
028 49 58 38 20 79
029 88 74 65 37 59
030 36 86 25 74 25
031 25 47 85 26 68
032 63 100 75 67 58
033 52 15 36 74 96
034 36 73 29 63 28
035 48 79 74 27 69
036 87 90 89 93 97
037 89 63 100 64 57
038 52 74 25 74 62
039 63 72 63 26 60
040 73 83 25 46 37
041 89 69 49 38 70
042 89 49 60 73 56
043 56 36 73 26 78
044 56 73 85 36 46
045 63 57 78 97 63
046 79 47 36 86 64
047 37 96 46 36 97
048 96 36 95 78 53
049 37 58 26 79 64
050 86 64 37 98 75